%% Setup the problem based on the manually generated equations
% The system has the form $$ T^(i+1) = C * T^i + K $$
%%
% Where C is a $$ 9*9 $$ coefficient matrix 
%%
% $$ K $$ is a constants vector 
%%
% And $$ T^i $$ is the current nodal temperature vector

%%
C = [   0.984, 0.0073, 0, 0.0073, 0, 0, 0, 0, 0;
        0.0033, 0.9844, 0.0039, 0, 0, 0, 0, 0.0073, 0;
        0, 0.00782, 0.98429, 0, 0, 0.00782, 0, 0, 0;
        0.0039, 0, 0, 0.98371, 0.00782, 0, 0.00391, 0, 0;
        0, 0.00039, 0, 0.00039, 0.89844, 0.00039, 0, 0.00039, 0;
        0, 0, 0.00391, 0, 0.000782, 0.881398, 0, 0, 0.00391;
        0, 0, 0, 0.00782, 0, 0, 0.98306, 0.00782, 0;
        0, 0, 0, 0, 0.00782, 0, 0.00391, 0.98371, 0.00391; 
        0, 0, 0, 0, 0, 0.00782, 0, 0.00782, 0.98631];

%% 
K = [   0.0108; 0.00098; 0.00098; 0.00977; 0; 0; 0.01955; 150; 0.00978];

%% Set up the $$ T^0 $$ state
T0 = [  800; 800; 800; 800; 800; 800; 800; 800; 800];
