%% Setup the problem based on the manually generated equations
% The system has the form $$ T^(i+1) = C * T^i + K $$
%%
% Where C is a $$ 9*9 $$ coefficient matrix 
%%
% $$ K $$ is a constants vector 
%%
% And $$ T^i $$ is the current nodal temperature vector

%%
C = [   1.0164, -0.0078, 0, -0.0078, 0, 0, 0, 0, 0;
        -0.0038, 1.0156, -0.00391, 0, -0.0078, 0, 0, 0.0073, 0;
        0, -0.00782, 1.008, 0, 0, -0.0078, 0, 0, 0;
        -0.0039, 0, 0, 1.0163, -0.00782, 0, -0.00391, 0, 0;
        0, -0.00039, 0, -0.00039, 1.0016, -0.00039, 0, -0.00039, 0;
        0, 0, -0.0039, 0, -0.000782, 1, 0, 0.0039, -0.00391;
        0, 0, 0, -0.00782, 0, 0, 1.017, -0.00782, 0;
        0, 0, 0, 0, -0.00782, 0, -0.00391, 1.016, -0.00391; 
        0, 0, 0, 0, 0, -0.00782, 0, -0.00782, -1.0163];

%% 
K = [   -0.0108; -0.00098; -0.00098; -0.00977; 0; 0; -0.01955; -0.00977; 0.00978];

%% Set up the $$ T^0 $$ state

T0 = [  800; 800; 800; 800; 800; 800; 800; 800; 800];

