%% Setup the problem based on the manually generated equations
% The system has the form $$ T^(i+1) = C * T^i + K $$
%%
% Where C is a $$ 9*9 $$ coefficient matrix 
%%
% $$ K $$ is a constants vector 
%%
% And $$ T^i $$ is the current nodal temperature vector

%%
C = [   0.9836, 0.00782, 0, 0.00782, 0, 0, 0, 0, 0;
        0.00384, 0.9844, 0.00391, 0, 0.00782, 0, 0, 0, 0;
        0, 0.0078, 0.98338, 0, 0, 0.0078, 0, 0, 0;
        0.00391, 0, 0, 0.98371, 0.00782, 0, 0.00391, 0, 0;
        0, 0.00039, 0, 0.00039, 0.99844, 0.00039, 0, 0.00039, 0;
        0, 0, 0.00391, 0, 0.000782, 0.99531, 0, -0.00391, 0.00391;
        0, 0, 0, 0.0078, 0, 0, 0.98306, 0.0078, 0;
        0, 0, 0, 0, 0.00782, 0, 0.00391, 0.98371, 0.00391; 
        0, 0, 0, 0, 0, 0.00782, 0, 0.00782, 0.9837];

%% 
K = [   0.0108; 0.00098; 0.00098; -0.00098; 0; 0; 0.01955; 0.00977; 0.00978];

%% Set up the $$ T^0 $$ state

T0 = [  800; 800; 800; 800; 800; 800; 800; 800; 800];

%% Nodal name vector 
NodeNames =     ['Node 1';
                 'Node 2';
                 'Node 3';
                 'Node 4';
                 'Node 5';
                 'Node 6';
                 'Node 7';
                 'Node 8';
                 'Node 9'];
